2.44884998392
1.82042100219
1.03169822326
0.574186216444
-0.0950518507078
-0.533860412662
-0.941213014302
-1.4166283767
-1.67139833733
-1.83275583811
-1.77989730828
-1.63672671256
-1.45472727583
-0.411724510403
0.669135133884
2.16472019384
4.63491956139
7.57909163576
12.4965786003
16.5269597803
22.6788355928
28.7419395631
37.5624459289
49.3531416444
64.1132732719
76.8420683313
90.6211496922
99.5396625946
100.436019031
99.5717007742
96.4277395056
90.1695576008
83.7906610778
72.2838354229
50.7389260925
39.2551302568
22.8385754288
11.1813161139
4.58961463234
-0.92995589361
-3.48307889926
-4.07049523138
-4.57589281169
-3.23159921278
-4.67984322085
-4.2796726812
-3.16639963675
-1.09779660393
0.657949353929
0.627689973956
1.40907032492
1.56521800285
1.24392299547
0.314739148459
-1.65396795824
-1.6630080391
-1.71320739721
-1.80540926419
-0.774696747301
0.0498935055703
0.174388265589
3.91598727568
8.0728013655
14.9731390014
21.790173879
28.7163411687
35.7641030758
42.7419680062
44.6482810842
46.4813482533
48.2394353485
45.3677558887
42.4372442272
34.214130958
25.4433383403
11.8217106671
3.36420388465
-15.1696454723
-28.7815230661
-42.4731517788
