2.95581017391
2.47157020233
1.97695658695
1.31623956713
0.729197369405
0.307866098212
-0.457218965414
-0.915255392786
-1.18165969136
-1.34286052133
-1.337990165
-0.198770545563
1.10844253183
2.9287000702
5.77325202023
10.5600485236
16.1575508945
21.9575497011
31.4790103612
45.128524562
56.7430199986
75.2315351353
88.6783736512
102.082386384
115.54010247
118.957826372
118.334521072
110.669122664
93.635282249
76.4265398792
58.7975518504
36.4314985567
18.8642933793
6.20936460443
-0.536285358344
-1.96425329614
-1.74528865642
-0.180156595977
0.168531255279
1.13167367492
1.31416042985
2.4143230256
2.09280043269
2.66327021125
2.30197682664
1.8369310774
1.26493046021
0.779280015889
4.98943230751
5.8736732011
11.8398047224
22.4590400578
32.9358238549
43.5026053911
48.6881482765
58.717137027
63.5844808929
60.2849235858
52.8130378957
37.4500254761
21.9214740343
-3.77772608933
-24.9670341072
-51.0331944127

