-0.0E+00 +401.70844E-03
+25.00E-06 +2.33135666E+00
+50.00E-06 +2.73336671E+00
+75.00E-06 +2.85396972E+00
+100.00E-06 +2.97457273E+00
+125.00E-06 +3.13537675E+00
+150.00E-06 +3.21075364E+00
+175.00E-06 +3.25095464E+00
+200.00E-06 +3.13537675E+00
+225.00E-06 +3.17557776E+00
+250.00E-06 +3.05497474E+00
+275.00E-06 +2.89417072E+00
+300.00E-06 +2.72834158E+00
+325.00E-06 +2.49216068E+00
+350.00E-06 +2.32633153E+00
+375.00E-06 +1.96452249E+00
+400.00E-06 +1.76854260E+00
+425.00E-06 +1.44693456E+00
+450.00E-06 +1.20070341E+00
+475.00E-06 +803.71848E-03
+500.00E-06 +482.11045E-03
+525.00E-06 +160.50241E-03
+550.00E-06 -166.13075E-03
+575.00E-06 -527.93979E-03
+600.00E-06 -965.12572E-03
+625.00E-06 -1.17115587E+00
+650.00E-06 -1.52793978E+00
+675.00E-06 -1.81437194E+00
+700.00E-06 -2.01537696E+00
+725.00E-06 -2.29678399E+00
+750.00E-06 -2.49778902E+00
+775.00E-06 -2.69879404E+00
+800.00E-06 -2.81437193E+00
+825.00E-06 -2.89477394E+00
+850.00E-06 -2.98020107E+00
+875.00E-06 -2.97517595E+00
+900.00E-06 -3.05557796E+00
+925.00E-06 -3.02040208E+00
+950.00E-06 -2.97517595E+00
+975.00E-06 -2.81437193E+00
+1.00000E-03 -2.65356791E+00
+1.02500E-03 -2.53296490E+00
+1.05000E-03 -2.25155786E+00
+1.07500E-03 -2.05055284E+00
+1.10000E-03 -1.84954782E+00
+1.12500E-03 -1.48773878E+00
+1.15000E-03 -1.21135687E+00
+1.17500E-03 -965.12572E-03
+1.20000E-03 -568.14080E-03
+1.22500E-03 -362.11065E-03
+1.25000E-03 -5.32673E-03
+1.27500E-03 +281.10543E-03
+1.30000E-03 +562.51246E-03
+1.32500E-03 +884.12049E-03
+1.35000E-03 +1.20070341E+00
+1.37500E-03 +1.37155767E+00
+1.40000E-03 +1.60773858E+00
+1.42500E-03 +1.88412048E+00
+1.45000E-03 +2.08512551E+00
+1.47500E-03 +2.25095465E+00
+1.50000E-03 +2.41175867E+00
+1.52500E-03 +2.49216068E+00
+1.55000E-03 +2.57256269E+00
+1.57500E-03 +2.60773857E+00
+1.60000E-03 +2.57256269E+00
+1.62500E-03 +2.60773857E+00
+1.65000E-03 +2.49216068E+00
+1.67500E-03 +2.44693455E+00
+1.70000E-03 +2.33135666E+00
+1.72500E-03 +2.17055264E+00
+1.75000E-03 +2.00974862E+00
+1.77500E-03 +1.84894460E+00
+1.80000E-03 +1.60271345E+00
+1.82500E-03 +1.40170843E+00
+1.85000E-03 +1.04492451E+00
+1.87500E-03 +884.12049E-03
+1.90000E-03 +637.88934E-03
+1.92500E-03 +321.30643E-03
+1.95000E-03 -301.61E-06
+1.97500E-03 -286.73376E-03
+2.00000E-03 -407.33678E-03
+2.02500E-03 -804.32170E-03
+2.05000E-03 -965.12572E-03
+2.07500E-03 -1.25155787E+00
+2.10000E-03 -1.53296491E+00
+2.12500E-03 -1.73396993E+00
+2.15000E-03 -1.92994983E+00
+2.17500E-03 -2.05055284E+00
+2.20000E-03 -2.25155786E+00
+2.22500E-03 -2.33195987E+00
+2.25000E-03 -2.33698500E+00
+2.27500E-03 -2.44753776E+00
+2.30000E-03 -2.41738701E+00
+2.32500E-03 -2.45758801E+00
+2.35000E-03 -2.41236188E+00
+2.37500E-03 -2.33195987E+00
+2.40000E-03 -2.32693475E+00
+2.42500E-03 -2.13597998E+00
+2.45000E-03 -2.09075385E+00
+2.47500E-03 -1.84954782E+00
+2.50000E-03 -1.76914581E+00
+2.52500E-03 -1.44753777E+00
+2.55000E-03 -1.28673375E+00
+2.57500E-03 -965.12572E-03
+2.60000E-03 -799.29657E-03
+2.62500E-03 -482.71366E-03
+2.65000E-03 -321.90964E-03
+2.67500E-03 -40.50261E-03
+2.70000E-03 +240.90442E-03
+2.72500E-03 +482.11045E-03
+2.75000E-03 +642.91447E-03
+2.77500E-03 +964.52250E-03
+2.80000E-03 +1.20572853E+00
+2.82500E-03 +1.32633154E+00
+2.85000E-03 +1.59768833E+00
+2.87500E-03 +1.72834159E+00
+2.90000E-03 +1.76854260E+00
+2.92500E-03 +1.92934661E+00
+2.95000E-03 +2.09015063E+00
+2.97500E-03 +2.00974862E+00
+3.00000E-03 +2.17055264E+00
+3.02500E-03 +2.13035164E+00
+3.05000E-03 +2.16552752E+00
+3.07500E-03 +2.04994963E+00
+3.10000E-03 +1.92934661E+00
+3.12500E-03 +1.92934661E+00
+3.15000E-03 +1.76854260E+00
+3.17500E-03 +1.60773858E+00
+3.20000E-03 +1.44693456E+00
+3.22500E-03 +1.28613054E+00
+3.25000E-03 +1.12532652E+00
+3.27500E-03 +884.12049E-03
+3.30000E-03 +718.29135E-03
+3.32500E-03 +436.88432E-03
+3.35000E-03 +235.87930E-03
+3.37500E-03 -80.70362E-03
+3.40000E-03 -241.50763E-03
+3.42500E-03 -482.71366E-03
+3.45000E-03 -643.51768E-03
+3.47500E-03 -1.01035185E+00
+3.50000E-03 -1.05055285E+00
+3.52500E-03 -1.28673375E+00
+3.55000E-03 -1.44753777E+00
+3.57500E-03 -1.60834179E+00
+3.60000E-03 -1.69376893E+00
+3.62500E-03 -1.76914581E+00
+3.65000E-03 -2.01035184E+00
+3.67500E-03 -2.01035184E+00
+3.70000E-03 -2.09075385E+00
+3.72500E-03 -2.01035184E+00
+3.75000E-03 -2.09075385E+00
+3.77500E-03 -2.01035184E+00
+3.80000E-03 -1.92994983E+00
+3.82500E-03 -1.84452269E+00
+3.85000E-03 -1.69376893E+00
+3.87500E-03 -1.64854280E+00
+3.90000E-03 -1.45256290E+00
+3.92500E-03 -1.33195988E+00
+3.95000E-03 -1.12592974E+00
+3.97500E-03 -1.04552773E+00
+4.00000E-03 -728.94482E-03
+4.02500E-03 -563.11567E-03
+4.05000E-03 -402.31165E-03
+4.07500E-03 -161.10563E-03
+4.10000E-03 +80.10040E-03
+4.12500E-03 +240.90442E-03
+4.15000E-03 +401.70844E-03
+4.17500E-03 +597.68834E-03
+4.20000E-03 +803.71848E-03
+4.22500E-03 +964.52250E-03
+4.25000E-03 +1.20070341E+00
+4.27500E-03 +1.28613054E+00
+4.30000E-03 +1.44693456E+00
+4.32500E-03 +1.44693456E+00
+4.35000E-03 +1.67809033E+00
+4.37500E-03 +1.68814059E+00
+4.40000E-03 +1.75849234E+00
+4.42500E-03 +1.72331647E+00
+4.45000E-03 +1.76854260E+00
+4.47500E-03 +1.72331647E+00
+4.50000E-03 +1.68311546E+00
+4.52500E-03 +1.52733657E+00
+4.55000E-03 +1.60271345E+00
+4.57500E-03 +1.44693456E+00
+4.60000E-03 +1.28613054E+00
+4.62500E-03 +1.12532652E+00
+4.65000E-03 +964.52250E-03
+4.67500E-03 +884.12049E-03
+4.70000E-03 +642.91447E-03
+4.72500E-03 +522.31145E-03
+4.75000E-03 +321.30643E-03
+4.77500E-03 +160.50241E-03
+4.80000E-03 -80.70362E-03
+4.82500E-03 -241.50763E-03
+4.85000E-03 -402.31165E-03
+4.87500E-03 -608.34180E-03
+4.90000E-03 -723.91969E-03
+4.92500E-03 -924.92471E-03
+4.95000E-03 -1.12592974E+00
+4.97500E-03 -1.20633174E+00
+5.00000E-03 -1.28673375E+00
+5.02500E-03 -1.44753777E+00
+5.05000E-03 -1.60834179E+00
+5.07500E-03 -1.60834179E+00
+5.10000E-03 -1.61336692E+00
+5.12500E-03 -1.68874380E+00
+5.15000E-03 -1.68874380E+00
+5.17500E-03 -1.60834179E+00
+5.20000E-03 -1.60834179E+00
+5.22500E-03 -1.56814079E+00
+5.25000E-03 -1.45758802E+00
+5.27500E-03 -1.44753777E+00
+5.30000E-03 -1.36713576E+00
+5.32500E-03 -1.24653275E+00
+5.35000E-03 -1.05055285E+00
+5.37500E-03 -965.12572E-03
+5.40000E-03 -804.32170E-03
+5.42500E-03 -608.34180E-03
+5.45000E-03 -558.09055E-03
+5.47500E-03 -321.90964E-03
+5.50000E-03 -161.10563E-03
+5.52500E-03 +80.10040E-03
+5.55000E-03 +160.50241E-03
+5.57500E-03 +401.70844E-03
+5.60000E-03 +557.48733E-03
+5.62500E-03 +642.91447E-03
+5.65000E-03 +723.31648E-03
+5.67500E-03 +919.29637E-03
+5.70000E-03 +1.04492451E+00
+5.72500E-03 +1.16050240E+00
+5.75000E-03 +1.28110541E+00
+5.77500E-03 +1.29115567E+00
+5.80000E-03 +1.36653255E+00
+5.82500E-03 +1.36653255E+00
+5.85000E-03 +1.44693456E+00
+5.87500E-03 +1.44693456E+00
+5.90000E-03 +1.44190943E+00
+5.92500E-03 +1.28613054E+00
+5.95000E-03 +1.28613054E+00
+5.97500E-03 +1.24090441E+00
+6.00000E-03 +1.12532652E+00
+6.02500E-03 +1.08010039E+00
+6.05000E-03 +964.52250E-03
+6.07500E-03 +803.71848E-03
+6.10000E-03 +642.91447E-03
+6.12500E-03 +562.51246E-03
+6.15000E-03 +401.70844E-03
+6.17500E-03 +240.90442E-03
+6.20000E-03 +80.10040E-03
+6.22500E-03 -301.61E-06
+6.25000E-03 -241.50763E-03
+6.27500E-03 -321.90964E-03
+6.30000E-03 -487.73879E-03
+6.32500E-03 -643.51768E-03
+6.35000E-03 -723.91969E-03
+6.37500E-03 -844.52270E-03
+6.40000E-03 -970.15084E-03
+6.42500E-03 -1.12592974E+00
+6.45000E-03 -1.20633174E+00
+6.47500E-03 -1.28673375E+00
+6.50000E-03 -1.36713576E+00
+6.52500E-03 -1.40733677E+00
+6.55000E-03 -1.37216089E+00
+6.57500E-03 -1.36713576E+00
+6.60000E-03 -1.36713576E+00
+6.62500E-03 -1.33195988E+00
+6.65000E-03 -1.28673375E+00
+6.67500E-03 -1.24653275E+00
+6.70000E-03 -1.20633174E+00
+6.72500E-03 -1.09075386E+00
+6.75000E-03 -970.15084E-03
+6.77500E-03 -884.72371E-03
+6.80000E-03 -804.32170E-03
+6.82500E-03 -683.71869E-03
+6.85000E-03 -482.71366E-03
+6.87500E-03 -362.11065E-03
+6.90000E-03 -241.50763E-03
+6.92500E-03 -125.92975E-03
+6.95000E-03 +75.07528E-03
+6.97500E-03 +160.50241E-03
+7.00000E-03 +321.30643E-03
+7.02500E-03 +401.70844E-03
+7.05000E-03 +562.51246E-03
+7.07500E-03 +723.31648E-03
+7.10000E-03 +723.31648E-03
+7.12500E-03 +838.89436E-03
+7.15000E-03 +964.52250E-03
+7.17500E-03 +964.52250E-03
+7.20000E-03 +1.12532652E+00
+7.22500E-03 +1.12532652E+00
+7.25000E-03 +1.04994964E+00
+7.27500E-03 +1.11527627E+00
+7.30000E-03 +1.12030140E+00
+7.32500E-03 +1.16050240E+00
+7.35000E-03 +1.12532652E+00
+7.37500E-03 +1.04492451E+00
+7.40000E-03 +964.52250E-03
+7.42500E-03 +843.91949E-03
+7.45000E-03 +803.71848E-03
+7.47500E-03 +723.31648E-03
+7.50000E-03 +637.88934E-03
+7.52500E-03 +482.11045E-03
+7.55000E-03 +401.70844E-03
+7.57500E-03 +321.30643E-03
+7.60000E-03 +160.50241E-03
+7.62500E-03 -301.61E-06
+7.65000E-03 -80.70362E-03
+7.67500E-03 -206.33176E-03
+7.70000E-03 -326.93477E-03
+7.72500E-03 -482.71366E-03
+7.75000E-03 -563.11567E-03
+7.77500E-03 -643.51768E-03
+7.80000E-03 -728.94482E-03
+7.82500E-03 -849.54783E-03
+7.85000E-03 -889.74883E-03
+7.87500E-03 -1.05557798E+00
+7.90000E-03 -1.04552773E+00
+7.92500E-03 -1.16613074E+00
+7.95000E-03 -1.05055285E+00
+7.97500E-03 -1.12592974E+00
+8.00000E-03 -1.12592974E+00
+8.02500E-03 -1.09075386E+00
+8.05000E-03 -1.04552773E+00
+8.07500E-03 -1.04552773E+00
+8.10000E-03 -970.15084E-03
+8.12500E-03 -965.12572E-03
+8.15000E-03 -884.72371E-03
+8.17500E-03 -804.32170E-03
+8.20000E-03 -723.91969E-03
+8.22500E-03 -643.51768E-03
+8.25000E-03 -487.73879E-03
+8.27500E-03 -447.53778E-03
+8.30000E-03 -246.53276E-03
+8.32500E-03 -201.30663E-03
+8.35000E-03 -156.08050E-03
+8.37500E-03 +34.87427E-03
+8.40000E-03 +80.10040E-03
+8.42500E-03 +240.90442E-03
+8.45000E-03 +396.68331E-03
+8.47500E-03 +482.11045E-03
+8.50000E-03 +482.11045E-03
+8.52500E-03 +597.68834E-03
+8.55000E-03 +723.31648E-03
+8.57500E-03 +723.31648E-03
+8.60000E-03 +803.71848E-03
+8.62500E-03 +838.89436E-03
+8.65000E-03 +959.49738E-03
+8.67500E-03 +924.32150E-03
+8.70000E-03 +884.12049E-03
+8.72500E-03 +964.52250E-03
+8.75000E-03 +884.12049E-03
+8.77500E-03 +884.12049E-03
+8.80000E-03 +803.71848E-03
+8.82500E-03 +758.49235E-03
+8.85000E-03 +723.31648E-03
+8.87500E-03 +597.68834E-03
+8.90000E-03 +642.91447E-03
+8.92500E-03 +482.11045E-03
+8.95000E-03 +401.70844E-03
+8.97500E-03 +276.08030E-03
+9.00000E-03 +235.87930E-03
+9.02500E-03 +160.50241E-03
+9.05000E-03 -301.61E-06
+9.07500E-03 -80.70362E-03
+9.10000E-03 -241.50763E-03
+9.12500E-03 -286.73376E-03
+9.15000E-03 -326.93477E-03
+9.17500E-03 -527.93979E-03
+9.20000E-03 -563.11567E-03
+9.22500E-03 -643.51768E-03
+9.25000E-03 -723.91969E-03
+9.27500E-03 -804.32170E-03
+9.30000E-03 -884.72371E-03
+9.32500E-03 -849.54783E-03
+9.35000E-03 -965.12572E-03
+9.37500E-03 -884.72371E-03
+9.40000E-03 -884.72371E-03
+9.42500E-03 -929.94984E-03
+9.45000E-03 -884.72371E-03
+9.47500E-03 -884.72371E-03
+9.50000E-03 -889.74883E-03
+9.52500E-03 -884.72371E-03
+9.55000E-03 -884.72371E-03
+9.57500E-03 -723.91969E-03
+9.60000E-03 -643.51768E-03
+9.62500E-03 -643.51768E-03
+9.65000E-03 -563.11567E-03
+9.67500E-03 -367.13577E-03
+9.70000E-03 -246.53276E-03
+9.72500E-03 -281.70864E-03
+9.75000E-03 -85.72874E-03
+9.77500E-03 -80.70362E-03
+9.80000E-03 -301.61E-06
+9.82500E-03 +160.50241E-03
+9.85000E-03 +160.50241E-03
+9.87500E-03 +281.10543E-03
+9.90000E-03 +396.68331E-03
+9.92500E-03 +441.90944E-03
+9.95000E-03 +482.11045E-03
+9.97500E-03 +562.51246E-03
+10.00000E-03 +637.88934E-03
+10.02500E-03 +683.11547E-03
+10.05000E-03 +642.91447E-03
+10.07500E-03 +723.31648E-03
+10.10000E-03 +793.66823E-03
+10.12500E-03 +758.49235E-03
+10.15000E-03 +723.31648E-03
+10.17500E-03 +723.31648E-03
+10.20000E-03 +642.91447E-03
+10.22500E-03 +683.11547E-03
+10.25000E-03 +637.88934E-03
+10.27500E-03 +562.51246E-03
+10.30000E-03 +482.11045E-03
+10.32500E-03 +517.28633E-03
+10.35000E-03 +326.33156E-03
+10.37500E-03 +311.25618E-03
+10.40000E-03 +160.50241E-03
+10.42500E-03 +195.67829E-03
+10.45000E-03 -301.61E-06
+10.47500E-03 -45.52774E-03
+10.50000E-03 -80.70362E-03
+10.52500E-03 -120.90462E-03
+10.55000E-03 -241.50763E-03
+10.57500E-03 -367.13577E-03
+10.60000E-03 -402.31165E-03
+10.62500E-03 -482.71366E-03
+10.65000E-03 -568.14080E-03
+10.67500E-03 -643.51768E-03
+10.70000E-03 -648.54281E-03
+10.72500E-03 -643.51768E-03
+10.75000E-03 -723.91969E-03
+10.77500E-03 -769.14582E-03
+10.80000E-03 -804.32170E-03
+10.82500E-03 -804.32170E-03
+10.85000E-03 -804.32170E-03
+10.87500E-03 -764.12069E-03
+10.90000E-03 -723.91969E-03
+10.92500E-03 -764.12069E-03
+10.95000E-03 -723.91969E-03
+10.97500E-03 -643.51768E-03
+11.00000E-03 -643.51768E-03
+11.02500E-03 -563.11567E-03
+11.05000E-03 -482.71366E-03
+11.07500E-03 -367.13577E-03
+11.10000E-03 -326.93477E-03
+11.12500E-03 -286.73376E-03
+11.15000E-03 -166.13075E-03
+11.17500E-03 -120.90462E-03
+11.20000E-03 -80.70362E-03
+11.22500E-03 -301.61E-06
+11.25000E-03 +4.72352E-03
+11.27500E-03 +200.70342E-03
+11.30000E-03 +240.90442E-03
+11.32500E-03 +276.08030E-03
+11.35000E-03 +401.70844E-03
+11.37500E-03 +361.50743E-03
+11.40000E-03 +477.08532E-03
+11.42500E-03 +482.11045E-03
+11.45000E-03 +482.11045E-03
+11.47500E-03 +642.91447E-03
+11.50000E-03 +642.91447E-03
+11.52500E-03 +602.71346E-03
+11.55000E-03 +562.51246E-03
+11.57500E-03 +642.91447E-03
+11.60000E-03 +487.13557E-03
+11.62500E-03 +597.68834E-03
+11.65000E-03 +482.11045E-03
+11.67500E-03 +482.11045E-03
+11.70000E-03 +477.08532E-03
+11.72500E-03 +441.90944E-03
+11.75000E-03 +321.30643E-03
+11.77500E-03 +281.10543E-03
+11.80000E-03 +240.90442E-03
+11.82500E-03 +200.70342E-03
+11.85000E-03 +160.50241E-03
+11.87500E-03 +80.10040E-03
+11.90000E-03 -5.32673E-03
+11.92500E-03 -120.90462E-03
+11.95000E-03 -161.10563E-03
+11.97500E-03 -241.50763E-03
+12.00000E-03 -251.55789E-03
+12.02500E-03 -402.31165E-03
+12.05000E-03 -407.33678E-03
+12.07500E-03 -482.71366E-03
+12.10000E-03 -482.71366E-03
+12.12500E-03 -522.91467E-03
+12.15000E-03 -563.11567E-03
+12.17500E-03 -688.74381E-03
+12.20000E-03 -643.51768E-03
+12.22500E-03 -608.34180E-03
+12.25000E-03 -568.14080E-03
+12.27500E-03 -643.51768E-03
+12.30000E-03 -643.51768E-03
+12.32500E-03 -688.74381E-03
+12.35000E-03 -643.51768E-03
+12.37500E-03 -522.91467E-03
+12.40000E-03 -487.73879E-03
+12.42500E-03 -482.71366E-03
+12.45000E-03 -482.71366E-03
+12.47500E-03 -402.31165E-03
+12.50000E-03 -321.90964E-03
+12.52500E-03 -241.50763E-03
+12.55000E-03 -241.50763E-03
+12.57500E-03 -206.33176E-03
+12.60000E-03 -80.70362E-03
+12.62500E-03 +34.87427E-03
+12.65000E-03 -301.61E-06
+12.67500E-03 +80.10040E-03
+12.70000E-03 +155.47729E-03
+12.72500E-03 +200.70342E-03
+12.75000E-03 +316.28130E-03
+12.77500E-03 +276.08030E-03
+12.80000E-03 +396.68331E-03
+12.82500E-03 +361.50743E-03
+12.85000E-03 +482.11045E-03
+12.87500E-03 +482.11045E-03
+12.90000E-03 +477.08532E-03
+12.92500E-03 +441.90944E-03
+12.95000E-03 +482.11045E-03
+12.97500E-03 +482.11045E-03
+13.00000E-03 +482.11045E-03
+13.02500E-03 +482.11045E-03
+13.05000E-03 +401.70844E-03
+13.07500E-03 +401.70844E-03
+13.10000E-03 +401.70844E-03
+13.12500E-03 +321.30643E-03
+13.15000E-03 +316.28130E-03
+13.17500E-03 +281.10543E-03
+13.20000E-03 +240.90442E-03
+13.22500E-03 +195.67829E-03
+13.25000E-03 +160.50241E-03
+13.27500E-03 +34.87427E-03
+13.30000E-03 -301.61E-06
+13.32500E-03 -80.70362E-03
+13.35000E-03 -161.10563E-03
+13.37500E-03 -161.10563E-03
+13.40000E-03 -241.50763E-03
+13.42500E-03 -241.50763E-03
+13.45000E-03 -321.90964E-03
+13.47500E-03 -402.31165E-03
+13.50000E-03 -402.31165E-03
+13.52500E-03 -482.71366E-03
+13.55000E-03 -482.71366E-03
+13.57500E-03 -447.53778E-03
+13.60000E-03 -487.73879E-03
+13.62500E-03 -527.93979E-03
+13.65000E-03 -643.51768E-03
+13.67500E-03 -522.91467E-03
+13.70000E-03 -563.11567E-03
+13.72500E-03 -482.71366E-03
+13.75000E-03 -563.11567E-03
+13.77500E-03 -482.71366E-03
+13.80000E-03 -482.71366E-03
+13.82500E-03 -447.53778E-03
+13.85000E-03 -407.33678E-03
+13.87500E-03 -397.28653E-03
+13.90000E-03 -321.90964E-03
+13.92500E-03 -281.70864E-03
+13.95000E-03 -241.50763E-03
+13.97500E-03 -161.10563E-03
+14.00000E-03 -166.13075E-03
+14.02500E-03 -80.70362E-03
+14.05000E-03 -80.70362E-03
+14.07500E-03 -301.61E-06
+14.10000E-03 +80.10040E-03
+14.12500E-03 +115.27628E-03
+14.15000E-03 +160.50241E-03
+14.17500E-03 +240.90442E-03
+14.20000E-03 +321.30643E-03
+14.22500E-03 +240.90442E-03
+14.25000E-03 +321.30643E-03
+14.27500E-03 +321.30643E-03
+14.30000E-03 +321.30643E-03
+14.32500E-03 +361.50743E-03
+14.35000E-03 +401.70844E-03
+14.37500E-03 +401.70844E-03
+14.40000E-03 +401.70844E-03
+14.42500E-03 +401.70844E-03
+14.45000E-03 +321.30643E-03
+14.47500E-03 +356.48231E-03
+14.50000E-03 +321.30643E-03
+14.52500E-03 +321.30643E-03
+14.55000E-03 +321.30643E-03
+14.57500E-03 +240.90442E-03
+14.60000E-03 +240.90442E-03
+14.62500E-03 +160.50241E-03
+14.65000E-03 +155.47729E-03
+14.67500E-03 +80.10040E-03
+14.70000E-03 -301.61E-06
+14.72500E-03 -45.52774E-03
+14.75000E-03 -301.61E-06
+14.77500E-03 -80.70362E-03
+14.80000E-03 -161.10563E-03
+14.82500E-03 -206.33176E-03
+14.85000E-03 -241.50763E-03
+14.87500E-03 -241.50763E-03
+14.90000E-03 -402.31165E-03
+14.92500E-03 -362.11065E-03
+14.95000E-03 -402.31165E-03
+14.97500E-03 -402.31165E-03
+15.00000E-03 -402.31165E-03
+15.02500E-03 -402.31165E-03
+15.05000E-03 -482.71366E-03
+15.07500E-03 -402.31165E-03
+15.10000E-03 -482.71366E-03
+15.12500E-03 -447.53778E-03
+15.15000E-03 -482.71366E-03
+15.17500E-03 -482.71366E-03
+15.20000E-03 -326.93477E-03
+15.22500E-03 -362.11065E-03
+15.25000E-03 -326.93477E-03
+15.27500E-03 -321.90964E-03
+15.30000E-03 -321.90964E-03
+15.32500E-03 -281.70864E-03
+15.35000E-03 -171.15588E-03
+15.37500E-03 -251.55789E-03
+15.40000E-03 -241.50763E-03
+15.42500E-03 -125.92975E-03
+15.45000E-03 -80.70362E-03
+15.47500E-03 -301.61E-06
+15.50000E-03 -301.61E-06
+15.52500E-03 +115.27628E-03
+15.55000E-03 +80.10040E-03
+15.57500E-03 +120.30141E-03
+15.60000E-03 +160.50241E-03
+15.62500E-03 +200.70342E-03
+15.65000E-03 +240.90442E-03
+15.67500E-03 +276.08030E-03
+15.70000E-03 +240.90442E-03
+15.72500E-03 +281.10543E-03
+15.75000E-03 +316.28130E-03
+15.77500E-03 +276.08030E-03
+15.80000E-03 +321.30643E-03
+15.82500E-03 +321.30643E-03
+15.85000E-03 +240.90442E-03
+15.87500E-03 +321.30643E-03
+15.90000E-03 +240.90442E-03
+15.92500E-03 +276.08030E-03
+15.95000E-03 +240.90442E-03
+15.97500E-03 +195.67829E-03
+16.00000E-03 +160.50241E-03
+16.02500E-03 +195.67829E-03
+16.05000E-03 +160.50241E-03
+16.07500E-03 +85.12553E-03
+16.10000E-03 +80.10040E-03
+16.12500E-03 +80.10040E-03
+16.15000E-03 +75.07528E-03
+16.17500E-03 -90.75387E-03
+16.20000E-03 -80.70362E-03
+16.22500E-03 -161.10563E-03
+16.25000E-03 -241.50763E-03
+16.27500E-03 -206.33176E-03
+16.30000E-03 -241.50763E-03
+16.32500E-03 -281.70864E-03
+16.35000E-03 -241.50763E-03
+16.37500E-03 -321.90964E-03
+16.40000E-03 -402.31165E-03
+16.42500E-03 -321.90964E-03
+16.45000E-03 -402.31165E-03
+16.47500E-03 -402.31165E-03
+16.50000E-03 -402.31165E-03
+16.52500E-03 -402.31165E-03
+16.55000E-03 -482.71366E-03
+16.57500E-03 -367.13577E-03
+16.60000E-03 -402.31165E-03
+16.62500E-03 -362.11065E-03
+16.65000E-03 -321.90964E-03
+16.67500E-03 -367.13577E-03
+16.70000E-03 -321.90964E-03
+16.72500E-03 -281.70864E-03
+16.75000E-03 -241.50763E-03
+16.77500E-03 -201.30663E-03
+16.80000E-03 -241.50763E-03
+16.82500E-03 -171.15588E-03
+16.85000E-03 -85.72874E-03
+16.87500E-03 -45.52774E-03
+16.90000E-03 -301.61E-06
+16.92500E-03 -301.61E-06
+16.95000E-03 -301.61E-06
+16.97500E-03 +80.10040E-03
+17.00000E-03 +160.50241E-03
+17.02500E-03 +160.50241E-03
+17.05000E-03 +160.50241E-03
+17.07500E-03 +200.70342E-03
+17.10000E-03 +235.87930E-03
+17.12500E-03 +240.90442E-03
+17.15000E-03 +160.50241E-03
+17.17500E-03 +200.70342E-03
+17.20000E-03 +240.90442E-03
+17.22500E-03 +240.90442E-03
+17.25000E-03 +316.28130E-03
+17.27500E-03 +195.67829E-03
+17.30000E-03 +240.90442E-03
+17.32500E-03 +240.90442E-03
+17.35000E-03 +235.87930E-03
+17.37500E-03 +195.67829E-03
+17.40000E-03 +160.50241E-03
+17.42500E-03 +115.27628E-03
+17.45000E-03 +160.50241E-03
+17.47500E-03 +120.30141E-03
+17.50000E-03 +80.10040E-03
+17.52500E-03 +39.89940E-03
+17.55000E-03 +75.07528E-03
+17.57500E-03 -45.52774E-03
+17.60000E-03 -301.61E-06
+17.62500E-03 -125.92975E-03
+17.65000E-03 -161.10563E-03
+17.67500E-03 -201.30663E-03
+17.70000E-03 -241.50763E-03
+17.72500E-03 -241.50763E-03
+17.75000E-03 -166.13075E-03
+17.77500E-03 -241.50763E-03
+17.80000E-03 -321.90964E-03
+17.82500E-03 -321.90964E-03
+17.85000E-03 -241.50763E-03
+17.87500E-03 -321.90964E-03
+17.90000E-03 -321.90964E-03
+17.92500E-03 -321.90964E-03
+17.95000E-03 -321.90964E-03
+17.97500E-03 -281.70864E-03
+18.00000E-03 -321.90964E-03
+18.02500E-03 -241.50763E-03
+18.05000E-03 -321.90964E-03
+18.07500E-03 -281.70864E-03
+18.10000E-03 -246.53276E-03
+18.12500E-03 -241.50763E-03
+18.15000E-03 -246.53276E-03
+18.17500E-03 -201.30663E-03
+18.20000E-03 -166.13075E-03
+18.22500E-03 -161.10563E-03
+18.25000E-03 -85.72874E-03
+18.27500E-03 -80.70362E-03
+18.30000E-03 -80.70362E-03
+18.32500E-03 -40.50261E-03
+18.35000E-03 -301.61E-06
+18.37500E-03 -301.61E-06
+18.40000E-03 +80.10040E-03
+18.42500E-03 +80.10040E-03
+18.45000E-03 +155.47729E-03
+18.47500E-03 +115.27628E-03
+18.50000E-03 +160.50241E-03
+18.52500E-03 +115.27628E-03
+18.55000E-03 +160.50241E-03
+18.57500E-03 +195.67829E-03
+18.60000E-03 +160.50241E-03
+18.62500E-03 +195.67829E-03
+18.65000E-03 +160.50241E-03
+18.67500E-03 +200.70342E-03
+18.70000E-03 +240.90442E-03
+18.72500E-03 +195.67829E-03
+18.75000E-03 +240.90442E-03
+18.77500E-03 +200.70342E-03
+18.80000E-03 +155.47729E-03
+18.82500E-03 +160.50241E-03
+18.85000E-03 +155.47729E-03
+18.87500E-03 +115.27628E-03
+18.90000E-03 +80.10040E-03
+18.92500E-03 +39.89940E-03
+18.95000E-03 -301.61E-06
+18.97500E-03 -301.61E-06
+19.00000E-03 -80.70362E-03
+19.02500E-03 -80.70362E-03
+19.05000E-03 -5.32673E-03
+19.07500E-03 -80.70362E-03
+19.10000E-03 -241.50763E-03
+19.12500E-03 -201.30663E-03
+19.15000E-03 -161.10563E-03
+19.17500E-03 -201.30663E-03
+19.20000E-03 -166.13075E-03
+19.22500E-03 -241.50763E-03
+19.25000E-03 -171.15588E-03
+19.27500E-03 -281.70864E-03
+19.30000E-03 -321.90964E-03
+19.32500E-03 -236.48251E-03
+19.35000E-03 -321.90964E-03
+19.37500E-03 -321.90964E-03
+19.40000E-03 -246.53276E-03
+19.42500E-03 -281.70864E-03
+19.45000E-03 -321.90964E-03
+19.47500E-03 -281.70864E-03
+19.50000E-03 -241.50763E-03
+19.52500E-03 -241.50763E-03
+19.55000E-03 -241.50763E-03
+19.57500E-03 -206.33176E-03
+19.60000E-03 -161.10563E-03
+19.62500E-03 -161.10563E-03
+19.65000E-03 -161.10563E-03
+19.67500E-03 -120.90462E-03
+19.70000E-03 -5.32673E-03
+19.72500E-03 -301.61E-06
+19.75000E-03 -80.70362E-03
+19.77500E-03 -45.52774E-03
+19.80000E-03 -301.61E-06
+19.82500E-03 -301.61E-06
+19.85000E-03 +80.10040E-03
+19.87500E-03 +80.10040E-03
+19.90000E-03 +80.10040E-03
+19.92500E-03 +80.10040E-03
+19.95000E-03 +155.47729E-03
+19.97500E-03 +115.27628E-03
+20.00000E-03 +155.47729E-03
+20.02500E-03 +160.50241E-03
+20.05000E-03 +160.50241E-03
+20.07500E-03 +115.27628E-03
+20.10000E-03 +80.10040E-03
+20.12500E-03 +115.27628E-03
